5
20 20 20 20 20 
21 16 16 16 16 
21 17 14 12 10 
21 17 14 14 9 
21 17 15 12 9 
21 17 15 13 8 
21 17 17 12 8 
21 17 17 17 7 
21 18 13 13 9 
21 18 14 11 11 
21 18 15 11 8 
21 18 15 12 7 
21 18 15 15 6 
21 18 16 13 6 
21 18 16 14 5 
21 18 18 9 9 
21 18 18 11 7 
21 18 18 12 6 
21 18 18 13 5 
21 19 13 11 8 
21 19 14 10 8 
21 19 14 14 7 
21 19 15 9 9 
21 19 15 11 7 
21 19 15 15 5 
21 19 16 9 7 
21 19 16 12 6 
21 19 16 13 5 
21 19 17 10 6 
21 19 17 12 5 
21 21 12 12 12 
21 21 13 10 10 
21 21 14 10 7 
21 21 14 14 6 
21 21 16 10 6 
21 21 16 12 5 
21 21 21 8 8 
21 21 21 11 5 
21 21 21 21 4 
22 16 14 14 7 
22 16 16 12 8 
22 17 14 11 8 
22 17 14 12 7 
22 17 14 14 5 
22 17 15 12 5 
22 17 17 10 10 
22 17 17 11 7 
22 18 12 12 8 
22 18 13 13 7 
22 18 15 9 9 
22 18 15 10 7 
22 18 15 11 5 
22 18 15 12 4 
22 18 18 10 5 
22 18 18 11 4 
22 18 18 18 3 
22 19 12 12 7 
22 19 13 10 7 
22 19 13 13 5 
22 19 14 10 5 
22 19 15 8 8 
22 19 15 11 4 
22 19 16 9 5 
22 19 16 13 3 
22 19 16 16 2 
22 19 17 14 2 
22 19 17 15 1 
22 19 19 12 3 
22 19 19 13 2 
22 19 19 14 1 
22 20 12 10 6 
22 20 13 10 5 
22 20 15 15 3 
22 20 16 10 4 
22 20 16 12 3 
22 20 16 16 1 
22 20 17 10 3 
22 20 17 13 2 
22 20 17 14 1 
22 20 18 13 1 
22 22 11 11 11 
22 22 12 12 5 
22 22 14 9 9 
22 22 15 9 5 
22 22 15 10 4 
22 22 15 15 2 
22 22 16 11 3 
22 22 16 12 2 
22 22 17 13 1 
22 22 22 7 7 
22 22 22 9 4 
22 22 22 11 2 
22 22 22 12 1 
23 16 16 10 10 
23 16 16 11 6 
23 16 16 16 5 
23 17 13 13 13 
23 17 14 10 6 
23 17 14 11 5 
23 17 17 8 8 
23 17 17 10 5 
23 18 11 11 11 
23 18 12 12 7 
23 18 13 10 10 
23 18 13 13 6 
23 18 14 8 6 
23 18 14 10 5 
23 18 14 14 4 
23 18 15 8 5 
23 18 15 10 4 
23 18 15 15 3 
23 18 16 12 3 
23 18 18 13 2 
23 19 11 11 6 
23 19 12 12 5 
23 19 13 9 9 
23 19 14 9 5 
23 19 14 10 4 
23 19 15 7 7 
23 19 15 9 4 
23 19 15 12 3 
23 19 15 15 2 
23 19 16 13 2 
23 19 16 16 1 
23 19 17 14 1 
23 19 19 7 4 
23 19 19 11 3 
23 19 19 13 1 
23 20 11 11 5 
23 20 13 8 6 
23 20 13 9 5 
23 20 14 8 5 
23 20 15 8 4 
23 20 15 12 2 
23 20 16 6 6 
23 20 16 7 5 
23 20 16 11 3 
23 20 17 6 4 
23 20 17 11 2 
23 20 17 13 1 
23 20 20 8 3 
23 20 20 9 2 
23 20 20 11 1 
23 21 17 8 3 
23 21 18 6 3 
23 21 18 9 2 
23 21 18 11 1 
23 21 19 7 2 
23 21 19 10 1 
23 23 11 9 5 
23 23 13 8 5 
23 23 13 13 4 
23 23 14 7 7 
23 23 14 9 4 
23 23 14 14 3 
23 23 15 6 6 
23 23 15 7 4 
23 23 15 15 1 
23 23 16 6 4 
23 23 16 8 3 
23 23 16 11 2 
23 23 16 12 1 
23 23 17 6 3 
23 23 17 9 2 
23 23 17 11 1 
23 23 18 7 2 
23 23 18 10 1 
24 16 12 9 9 
24 16 12 10 7 
24 16 13 9 7 
24 16 13 13 6 
24 16 14 8 8 
24 16 14 10 6 
24 17 12 10 5 
24 17 13 8 8 
24 17 13 9 6 
24 17 17 9 5 
24 17 17 17 4 
24 18 11 8 8 
24 18 11 9 6 
24 18 14 8 5 
24 18 14 10 4 
24 18 15 10 3 
24 18 16 12 2 
24 18 18 7 7 
24 18 18 9 4 
24 18 18 18 1 
24 19 11 8 6 
24 19 11 11 5 
24 19 12 9 5 
24 19 13 8 5 
24 19 13 13 4 
24 19 14 7 7 
24 19 14 9 4 
24 19 15 12 2 
24 19 16 7 4 
24 19 16 13 1 
24 19 19 6 4 
24 19 19 11 2 
24 19 19 12 1 
24 20 11 7 7 
24 20 11 9 5 
24 20 14 7 5 
24 20 14 14 3 
24 20 15 6 6 
24 20 15 7 4 
24 20 15 15 1 
24 20 16 6 4 
24 20 16 11 2 
24 20 16 12 1 
24 20 20 7 2 
24 20 20 10 1 
24 21 12 7 5 
24 21 12 8 4 
24 21 12 9 3 
24 21 14 6 4 
24 21 14 11 2 
24 21 14 12 1 
24 21 16 8 3 
24 21 17 6 3 
24 21 17 9 2 
24 21 17 11 1 
24 21 18 7 2 
24 21 18 10 1 
24 22 11 8 4 
24 22 11 11 3 
24 22 13 8 3 
24 22 15 6 3 
24 22 15 9 2 
24 22 15 11 1 
24 22 17 7 2 
24 22 17 10 1 
25 15 15 15 15 
25 16 16 8 5 
25 17 11 11 11 
25 17 12 8 8 
25 17 12 9 6 
25 17 12 12 4 
25 17 13 9 5 
25 17 13 10 4 
25 17 17 7 7 
25 17 17 9 4 
25 17 17 17 3 
25 19 11 11 4 
25 19 12 7 7 
25 19 12 8 5 
25 19 12 12 3 
25 19 13 8 4 
25 19 14 6 6 
25 19 14 9 3 
25 19 14 14 2 
25 19 15 10 2 
25 19 15 12 1 
25 19 19 8 3 
25 19 19 9 2 
25 19 19 11 1 
25 21 11 8 4 
25 21 11 11 3 
25 21 13 8 3 
25 21 15 6 3 
25 21 15 9 2 
25 21 15 11 1 
25 21 17 7 2 
25 21 17 10 1 
25 25 10 10 10 
25 25 13 6 6 
25 25 13 7 3 
25 25 13 13 2 
25 25 16 7 2 
25 25 16 10 1 
25 25 25 5 5 
25 25 25 9 1 
