4
28 28 13 1 
28 28 8 2 
28 28 7 7 
28 22 14 1 
28 22 10 3 
28 19 15 1 
28 19 12 2 
28 19 8 4 
28 18 18 3 
28 18 10 4 
28 18 8 8 
28 15 11 4 
28 15 10 5 
28 14 14 5 
28 14 10 6 
28 14 9 9 
28 13 13 13 
27 23 14 1 
27 23 10 3 
27 21 16 1 
27 21 14 2 
27 21 12 3 
27 21 8 5 
27 19 19 1 
27 19 11 5 
27 19 9 9 
27 17 17 5 
27 17 12 6 
27 17 10 7 
27 15 15 15 
26 24 14 1 
26 24 10 3 
26 23 15 1 
26 23 12 2 
26 23 8 4 
26 22 16 1 
26 22 11 3 
26 22 10 4 
26 22 8 5 
26 21 13 4 
26 21 9 5 
26 21 8 6 
26 20 17 1 
26 20 10 10 
26 19 16 2 
26 19 15 3 
26 18 14 4 
26 17 12 7 
26 16 13 6 
26 16 12 8 
26 16 11 11 
25 25 16 1 
25 25 13 4 
25 25 10 10 
25 22 14 2 
25 21 18 1 
25 21 16 2 
25 21 15 3 
25 21 11 5 
25 20 20 1 
25 20 16 3 
25 20 12 5 
25 19 19 3 
25 19 15 4 
25 19 14 6 
25 19 12 7 
25 18 18 6 
25 17 12 8 
25 17 11 11 
25 16 16 7 
25 16 14 8 
25 16 12 9 
24 24 17 1 
24 24 16 2 
24 24 15 3 
24 22 18 1 
24 22 11 5 
24 21 19 1 
24 21 17 2 
24 21 16 3 
24 21 12 5 
24 21 11 6 
24 20 18 2 
24 20 14 5 
24 20 12 6 
24 20 11 7 
24 19 16 4 
24 18 13 9 
24 18 12 12 
24 17 14 7 
24 16 16 9 
24 16 13 10 
23 23 23 1 
23 23 17 2 
23 23 16 3 
23 23 14 6 
23 23 11 11 
23 21 18 2 
23 21 17 3 
23 21 15 4 
23 20 20 3 
23 20 16 5 
23 20 14 7 
23 19 17 4 
23 19 15 6 
23 19 12 9 
23 18 15 7 
23 18 14 9 
23 17 17 9 
23 17 14 10 
23 17 13 11 
23 16 16 10 
23 16 14 11 
23 16 13 13 
22 22 22 6 
22 22 15 7 
22 22 12 8 
22 20 16 7 
22 20 14 9 
22 20 12 12 
22 19 17 7 
22 19 16 8 
22 19 15 9 
22 19 13 10 
22 18 18 9 
22 18 14 11 
22 18 13 13 
22 17 17 10 
22 17 15 11 
22 17 14 12 
22 16 16 16 
21 21 21 21 
