45 45 45 17 1 
45 45 45 10 2 
45 45 45 9 9 
45 45 30 18 1 
45 45 30 12 3 
45 45 25 19 1 
45 45 25 14 2 
45 45 25 10 4 
45 45 24 24 3 
45 45 24 12 4 
45 45 24 10 10 
45 45 19 13 4 
45 45 19 12 5 
45 45 18 18 5 
45 45 18 12 6 
45 45 18 11 11 
45 45 17 17 17 
45 39 31 18 1 
45 39 31 12 3 
45 39 27 20 1 
45 39 27 16 2 
45 39 27 10 5 
45 39 23 13 5 
45 39 20 14 4 
45 39 20 13 6 
45 39 19 19 5 
45 39 18 13 7 
45 36 32 18 1 
45 36 32 12 3 
45 36 29 19 1 
45 36 29 14 2 
45 36 29 10 4 
45 36 26 13 3 
45 36 26 12 4 
45 36 25 21 1 
45 36 25 18 2 
45 36 25 15 3 
45 36 25 10 6 
45 36 23 15 4 
45 36 20 16 4 
45 36 20 11 7 
45 36 19 12 7 
45 36 18 14 6 
45 36 18 12 8 
45 35 35 20 1 
45 35 35 15 4 
45 35 35 10 10 
45 35 27 21 1 
45 35 27 17 2 
45 35 27 11 5 
45 35 25 25 3 
45 35 25 15 5 
45 35 23 16 4 
45 35 23 12 7 
45 35 21 16 5 
45 35 21 13 6 
45 35 20 20 7 
45 35 20 13 8 
45 35 20 12 12 
45 33 28 16 2 
45 33 27 18 2 
45 33 24 11 6 
45 33 18 14 8 
45 32 28 21 1 
45 32 28 17 2 
45 32 28 11 5 
45 32 27 22 1 
45 32 27 19 2 
45 32 27 16 3 
45 32 27 12 5 
45 32 25 11 6 
45 32 24 12 6 
45 32 22 17 4 
45 32 22 13 6 
45 32 18 14 9 
45 31 31 22 1 
45 31 31 18 3 
45 31 31 14 6 
45 31 31 11 7 
45 31 27 23 1 
45 31 27 20 2 
45 31 26 26 3 
45 31 26 18 4 
45 31 26 15 5 
45 31 24 16 5 
45 31 23 19 4 
45 31 23 12 8 
45 31 22 22 5 
45 31 22 16 6 
45 31 22 14 7 
45 31 22 11 11 
45 31 20 14 8 
45 31 18 18 9 
45 31 18 14 10 
45 31 18 13 13 
45 30 30 30 6 
45 30 30 15 7 
45 30 30 12 12 
45 30 22 16 7 
45 30 22 14 8 
45 30 20 20 8 
45 30 20 14 9 
45 30 20 13 13 
45 30 18 18 18 
45 27 27 13 9 
45 27 23 16 7 
45 27 23 14 8 
45 27 22 17 7 
45 27 21 21 7 
45 27 21 16 8 
45 27 21 15 9 
45 27 20 20 9 
45 27 20 14 10 
45 27 19 15 10 
45 26 26 17 7 
45 26 26 16 8 
45 26 22 18 7 
45 26 21 21 8 
45 26 21 16 9 
45 26 21 14 10 
45 26 21 13 13 
45 26 20 20 10 
45 26 20 15 11 
45 26 20 14 14 
45 25 25 25 9 
45 25 25 16 10 
45 25 25 14 14 
45 25 21 17 10 
45 25 21 16 11 
45 25 20 20 11 
45 25 20 16 12 
45 25 20 15 15 
45 25 19 19 19 
45 24 24 24 24 
44 40 31 18 1 
44 40 31 12 3 
44 40 27 20 1 
44 40 27 16 2 
44 40 27 10 5 
44 40 23 13 5 
44 40 20 14 4 
44 40 20 13 6 
44 40 19 19 5 
44 40 18 13 7 
44 38 33 18 1 
44 38 33 12 3 
44 38 31 19 1 
44 38 31 14 2 
44 38 31 10 4 
44 38 29 20 1 
44 38 29 13 3 
44 38 29 12 4 
44 38 27 15 4 
44 38 25 22 1 
44 38 25 20 2 
44 38 25 18 3 
44 38 25 10 10 
44 38 21 16 4 
44 38 21 11 6 
44 38 20 14 5 
44 38 20 13 7 
44 38 20 11 8 
44 38 19 12 8 
44 38 18 15 6 
44 38 18 12 9 
44 36 36 18 1 
44 36 36 12 3 
44 36 29 16 2 
44 36 29 10 5 
44 36 28 22 1 
44 36 28 20 2 
44 36 28 18 3 
44 36 28 10 7 
44 36 27 11 5 
44 36 26 26 1 
44 36 26 14 5 
44 36 26 11 7 
44 36 24 18 4 
44 36 24 12 7 
44 36 23 14 6 
44 36 22 22 6 
44 36 22 13 7 
44 36 22 11 8 
44 36 20 12 8 
44 36 18 15 9 
44 36 18 13 13 
44 34 34 22 1 
44 34 34 20 2 
44 34 34 18 3 
44 34 29 23 1 
44 34 27 24 1 
44 34 27 21 2 
44 34 27 12 5 
44 34 23 16 5 
44 34 23 13 7 
44 34 23 11 8 
44 34 22 15 8 
44 34 22 13 13 
44 34 20 20 8 
44 34 20 14 9 
44 34 19 19 9 
44 34 19 14 10 
44 34 18 18 18 
44 33 29 11 5 
44 33 28 21 2 
44 33 28 19 3 
44 33 28 13 5 
44 33 27 11 6 
44 33 26 16 5 
44 33 26 13 6 
44 33 24 19 4 
44 33 24 13 7 
44 32 32 32 1 
44 32 32 15 7 
44 32 32 13 13 
44 32 27 18 4 
44 32 25 16 7 
44 32 24 14 9 
44 32 23 18 5 
44 32 22 16 8 
44 32 22 14 14 
44 32 21 17 7 
44 32 21 16 9 
44 32 20 16 10 
44 32 19 16 11 
44 32 19 15 15 
44 31 31 21 2 
44 31 31 19 3 
44 31 28 22 2 
44 31 28 20 3 
44 31 28 16 4 
44 31 26 18 5 
44 31 24 20 4 
44 30 30 30 7 
44 30 30 18 8 
44 30 30 14 9 
44 30 25 19 8 
44 30 25 16 10 
44 30 23 20 8 
44 30 23 18 9 
44 30 23 14 11 
44 30 22 22 10 
44 30 22 16 11 
44 30 21 15 12 
44 30 20 17 11 
44 30 20 16 12 
44 30 19 19 12 
44 30 19 16 13 
44 28 28 28 28 
43 41 31 18 1 
43 41 31 12 3 
43 41 27 20 1 
43 41 27 16 2 
43 41 27 10 5 
43 41 23 13 5 
43 41 20 14 4 
43 41 20 13 6 
43 41 19 19 5 
43 41 18 13 7 
43 40 32 18 1 
43 40 32 12 3 
43 40 29 19 1 
43 40 29 14 2 
43 40 29 10 4 
43 40 26 13 3 
43 40 26 12 4 
43 40 25 21 1 
43 40 25 18 2 
43 40 25 15 3 
43 40 25 10 6 
43 40 23 15 4 
43 40 20 16 4 
43 40 20 11 7 
43 40 19 12 7 
43 40 18 14 6 
43 40 18 12 8 
43 39 33 18 1 
43 39 33 12 3 
43 39 28 20 1 
43 39 28 16 2 
43 39 28 10 5 
43 39 27 21 1 
43 39 27 18 2 
43 39 27 15 3 
43 39 27 10 6 
43 39 25 22 1 
43 39 25 11 5 
43 39 24 12 5 
43 39 24 11 6 
43 39 21 12 6 
43 39 21 11 7 
43 39 20 14 5 
43 39 19 14 6 
43 39 18 18 6 
43 39 18 14 8 
43 38 30 21 1 
43 38 30 18 2 
43 38 30 15 3 
43 38 30 10 6 
43 38 26 22 1 
43 38 25 23 1 
43 38 24 13 5 
43 38 22 12 6 
43 38 22 11 7 
43 38 21 17 4 
43 38 21 16 5 
43 38 21 14 7 
43 38 21 11 11 
43 38 18 18 7 
43 38 18 13 9 
43 38 18 12 12 
43 37 34 18 1 
43 37 34 12 3 
43 37 27 27 1 
43 37 27 14 6 
43 37 27 11 11 
43 37 23 17 4 
43 37 22 15 5 
43 37 22 12 7 
43 37 21 18 4 
43 37 21 17 5 
43 37 21 15 6 
43 37 21 12 8 
43 37 20 20 5 
43 37 19 16 6 
43 37 19 12 9 
43 37 18 14 9 
43 36 33 19 1 
43 36 33 14 2 
43 36 33 10 4 
43 36 32 20 1 
43 36 32 13 3 
43 36 32 12 4 
43 36 31 15 4 
43 36 30 10 10 
43 36 25 22 2 
43 36 25 21 3 
43 36 24 24 6 
43 36 24 15 7 
43 36 24 12 8 
43 36 20 16 7 
43 36 20 14 9 
43 36 20 12 12 
43 36 19 17 7 
43 36 19 16 8 
43 36 19 15 9 
43 36 19 13 10 
43 36 18 18 9 
43 36 18 14 11 
43 35 31 21 1 
43 35 31 18 2 
43 35 21 21 21 
43 34 29 24 1 
43 34 29 12 5 
43 34 29 11 6 
43 34 25 17 4 
43 33 30 23 1 
43 33 29 25 1 
43 33 28 28 1 
43 33 28 14 6 
43 33 28 12 7 
43 33 28 11 11 
43 33 27 22 2 
43 33 27 21 3 
43 33 26 23 2 
43 33 26 18 6 
43 33 25 19 4 
43 33 25 12 8 
43 33 23 13 8 
43 33 23 12 9 
43 33 22 16 7 
43 33 22 14 9 
43 32 29 21 2 
43 32 27 23 2 
43 32 27 22 3 
43 32 26 26 2 
43 32 26 19 4 
43 32 26 16 7 
43 32 22 18 9 
43 31 28 18 4 
43 31 28 16 5 
43 31 27 24 2 
43 31 27 23 3 
43 31 27 16 6 
43 31 27 14 8 
43 31 26 20 4 
43 31 26 19 6 
43 31 26 17 7 
43 31 25 25 6 
43 31 24 16 9 
43 31 24 15 15 
43 31 22 22 7 
43 31 22 16 11 
43 30 25 14 11 
43 30 24 17 11 
43 30 23 23 11 
43 30 23 18 12 
43 30 23 16 13 
43 29 26 19 8 
43 29 26 16 10 
43 29 25 21 8 
43 29 25 20 9 
43 29 25 19 10 
43 29 25 15 11 
43 29 25 14 12 
43 29 24 24 8 
43 29 24 17 12 
43 29 24 16 16 
43 29 23 23 12 
43 29 23 19 13 
43 29 23 17 14 
43 29 22 22 22 
42 42 33 18 1 
42 42 33 12 3 
42 42 30 21 1 
42 42 30 18 2 
42 42 30 15 3 
42 42 30 10 6 
42 42 27 27 1 
42 42 27 14 6 
42 42 27 11 11 
42 42 24 24 6 
42 42 24 15 7 
42 42 24 12 8 
42 42 21 21 21 
42 39 31 19 1 
42 39 31 14 2 
42 39 31 10 4 
42 39 29 12 4 
42 39 27 15 4 
42 39 25 20 2 
42 39 25 18 3 
42 38 35 18 1 
42 38 35 12 3 
42 38 33 19 1 
42 38 33 14 2 
42 38 33 10 4 
42 38 32 20 1 
42 38 32 13 3 
42 38 32 12 4 
42 38 31 15 4 
42 38 30 10 10 
42 38 28 22 1 
42 38 26 20 2 
42 38 26 18 3 
42 38 25 22 2 
42 38 25 21 3 
42 38 25 17 4 
42 38 22 16 7 
42 38 22 14 9 
42 38 22 12 12 
42 37 37 18 1 
42 37 37 12 3 
42 37 33 20 1 
42 37 33 16 2 
42 37 33 10 5 
42 37 29 22 1 
42 37 29 11 5 
42 37 28 18 3 
42 37 28 12 5 
42 37 27 20 2 
42 37 26 22 2 
42 37 26 21 3 
42 36 36 20 1 
42 36 36 16 2 
42 36 36 15 4 
42 36 36 10 10 
42 36 32 21 1 
42 36 31 23 1 
42 36 31 18 2 
42 36 31 13 5 
42 36 30 19 2 
42 36 30 16 3 
42 36 29 24 1 
42 36 29 11 6 
42 36 27 22 2 
42 36 27 21 3 
42 36 27 17 4 
42 36 27 14 7 
42 36 25 25 3 
42 36 25 18 6 
42 36 25 12 8 
42 36 24 16 7 
42 36 24 14 9 
42 36 24 12 12 
42 36 22 18 9 
42 36 22 14 10 
42 35 35 23 1 
42 35 35 13 5 
42 35 31 16 4 
42 35 30 12 7 
42 35 29 20 2 
42 35 29 19 5 
42 35 27 12 8 
42 35 25 20 5 
42 35 23 15 9 
42 35 23 13 10 
42 34 34 19 5 
42 34 34 12 6 
42 34 30 13 6 
42 34 30 12 8 
42 34 30 11 11 
42 34 29 25 1 
42 34 28 28 1 
42 34 28 21 2 
42 34 28 14 6 
42 34 27 23 2 
42 34 27 15 15 
42 34 26 26 2 
42 34 26 22 3 
42 34 26 20 5 
42 34 26 18 6 
42 34 26 16 7 
42 34 24 16 9 
42 34 23 17 9 
42 34 22 22 7 
42 34 22 17 10 
42 34 22 16 16 
42 33 33 24 1 
42 33 33 21 3 
42 33 33 18 6 
42 33 33 15 15 
42 33 31 25 1 
42 33 29 26 1 
42 33 28 23 2 
42 33 27 27 3 
42 33 27 21 4 
42 33 25 22 4 
42 33 25 17 9 
42 33 24 18 9 
42 33 23 17 10 
42 33 23 16 16 
42 32 29 23 2 
42 32 26 21 5 
42 32 26 19 6 
42 32 26 17 7 
42 32 25 25 6 
42 32 24 17 11 
42 32 23 23 11 
42 32 23 18 12 
42 31 31 23 2 
42 31 29 24 2 
42 31 29 23 3 
42 31 29 21 5 
42 31 27 23 4 
42 31 27 16 7 
42 31 26 26 6 
42 31 26 16 8 
42 31 24 19 7 
42 31 24 18 12 
42 31 22 18 13 
42 30 30 16 9 
42 30 27 19 9 
42 30 26 16 10 
42 30 25 21 8 
42 30 25 20 9 
42 30 25 19 10 
42 30 25 16 12 
42 30 24 24 8 
42 30 24 16 16 
42 30 23 23 12 
42 30 23 19 13 
42 30 23 18 14 
42 30 23 17 17 
42 30 22 22 22 
42 29 29 19 9 
42 29 27 21 8 
42 29 27 19 11 
42 29 27 17 17 
42 29 25 22 8 
42 29 25 21 9 
42 29 25 20 10 
42 29 25 18 12 
42 29 24 20 11 
42 29 24 19 14 
42 29 23 20 13 
42 29 23 19 15 
42 29 23 18 18 
41 41 34 18 1 
41 41 34 12 3 
41 41 33 19 1 
41 41 33 14 2 
41 41 33 10 4 
41 41 32 20 1 
41 41 32 13 3 
41 41 32 12 4 
41 41 31 15 4 
41 41 30 10 10 
41 41 25 22 2 
41 41 25 21 3 
41 39 35 18 1 
41 39 35 12 3 
41 39 28 22 1 
41 39 26 19 2 
41 39 25 17 4 
41 39 22 16 7 
41 39 22 14 9 
41 39 22 12 12 
41 38 36 18 1 
41 38 36 12 3 
41 38 34 19 1 
41 38 34 14 2 
41 38 34 10 4 
41 38 33 20 1 
41 38 33 13 3 
41 38 33 12 4 
41 38 32 15 4 
41 38 31 16 2 
41 38 31 10 10 
41 38 29 22 1 
41 38 29 11 5 
41 38 28 23 1 
41 38 28 19 2 
41 38 27 18 3 
41 38 26 17 4 
41 38 25 15 5 
41 38 25 14 7 
41 38 23 16 7 
41 38 23 14 9 
41 38 23 12 12 
41 38 22 17 7 
41 38 22 16 8 
41 38 22 15 9 
41 38 22 13 10 
41 37 35 19 1 
41 37 35 14 2 
41 37 35 10 4 
41 37 31 22 1 
41 37 31 11 5 
41 37 30 18 3 
41 37 30 12 5 
41 37 29 23 1 
41 37 29 14 6 
41 37 29 11 7 
41 37 28 24 1 
41 37 28 20 2 
41 37 26 16 5 
41 37 26 12 7 
41 37 25 18 4 
41 37 25 17 5 
41 37 25 12 9 
41 37 24 13 9 
41 37 24 12 12 
41 37 23 17 7 
41 37 23 16 8 
41 37 23 15 9 
41 37 23 13 10 
41 37 22 18 7 
41 37 22 14 11 
41 37 22 13 13 
41 36 33 21 1 
41 36 32 18 2 
41 36 31 20 2 
41 36 31 18 3 
41 36 29 21 2 
41 36 28 19 3 
41 36 28 17 4 
41 36 28 16 5 
41 36 27 13 9 
41 36 27 12 12 
41 36 26 18 4 
41 36 26 17 5 
41 36 25 20 5 
41 36 25 15 7 
41 36 25 14 9 
41 36 23 18 7 
41 36 23 17 9 
41 36 23 14 11 
41 36 23 13 13 
41 36 22 17 10 
41 36 22 15 11 
41 36 22 14 12 
41 35 32 16 4 
41 35 31 12 7 
41 35 30 26 1 
41 35 30 14 5 
41 35 29 29 1 
41 35 29 13 7 
41 35 29 12 8 
41 35 27 16 7 
41 35 26 23 2 
41 35 26 22 3 
41 35 26 20 5 
41 35 26 18 6 
41 35 25 17 9 
41 35 25 14 10 
41 35 25 13 11 
41 35 23 17 10 
41 35 23 15 11 
41 35 23 14 12 
41 35 22 19 7 
41 35 22 16 16 
41 34 31 24 1 
41 34 31 13 6 
41 34 31 12 8 
41 34 31 11 11 
41 34 29 23 2 
41 34 29 22 3 
41 34 29 14 8 
41 34 29 12 9 
41 34 28 23 4 
41 34 28 15 6 
41 34 27 27 4 
41 34 26 26 6 
41 34 23 16 16 
41 34 22 19 8 
41 33 33 26 1 
41 33 33 23 2 
41 33 33 22 3 
41 33 30 27 1 
41 33 29 20 4 
41 33 28 24 2 
41 33 26 20 10 
41 33 26 16 11 
41 33 25 25 10 
41 33 25 17 11 
41 33 23 17 12 
41 33 22 20 12 
41 33 22 17 13 
41 32 32 23 4 
41 32 32 18 7 
41 32 29 25 2 
41 32 28 24 4 
41 32 28 16 8 
41 32 27 20 5 
41 32 27 19 7 
41 32 27 17 8 
41 32 27 16 11 
41 32 26 17 11 
41 32 24 16 12 
41 32 22 18 13 
41 31 31 31 4 
41 31 31 22 5 
41 31 31 20 10 
41 31 31 16 11 
41 31 27 23 5 
41 31 27 22 7 
41 31 26 26 7 
41 31 26 21 10 
41 31 25 17 12 
41 31 24 18 13 
41 31 24 16 16 
41 31 23 20 12 
41 31 22 22 12 
41 31 22 18 14 
41 31 22 17 17 
41 30 30 30 10 
41 30 30 18 11 
41 30 26 17 12 
41 30 25 19 12 
41 30 25 16 16 
41 30 23 20 14 
41 30 23 18 15 
41 29 26 21 13 
41 29 26 18 14 
41 29 25 25 13 
41 29 25 19 14 
41 29 24 19 15 
41 29 23 21 15 
41 29 23 19 16 
40 40 40 18 1 
40 40 40 12 3 
40 40 34 19 1 
40 40 34 14 2 
40 40 34 10 4 
40 40 33 20 1 
40 40 33 16 2 
40 40 33 13 3 
40 40 33 12 4 
40 40 33 10 5 
40 40 32 15 4 
40 40 31 23 1 
40 40 31 13 5 
40 40 31 10 10 
40 40 29 22 2 
40 40 29 21 3 
40 40 29 19 5 
40 40 29 12 6 
40 40 28 28 1 
40 40 28 11 8 
40 40 27 27 3 
40 40 27 21 4 
40 40 27 15 15 
40 40 26 26 6 
40 40 23 17 9 
40 40 22 18 7 
40 40 22 17 10 
40 40 22 16 16 
40 38 35 19 1 
40 38 35 14 2 
40 38 35 10 4 
40 38 34 20 1 
40 38 34 13 3 
40 38 34 12 4 
40 38 33 15 4 
40 38 32 21 1 
40 38 32 18 2 
40 38 32 10 10 
40 38 30 16 4 
40 38 29 12 7 
40 38 28 13 6 
40 38 28 12 8 
40 38 28 11 11 
40 37 37 20 1 
40 37 37 15 4 
40 37 37 10 10 
40 37 34 16 2 
40 37 33 22 1 
40 37 33 17 2 
40 37 33 11 5 
40 37 32 18 3 
40 37 32 12 5 
40 37 31 24 1 
40 37 31 16 4 
40 37 31 14 6 
40 37 31 12 7 
40 37 30 20 2 
40 37 29 12 8 
40 37 29 11 11 
40 37 28 14 8 
40 37 28 12 9 
40 37 24 16 7 
40 37 22 18 9 
40 36 34 21 1 
40 36 34 17 2 
40 36 34 11 5 
40 36 33 18 2 
40 36 33 16 3 
40 36 33 12 5 
40 36 33 11 6 
40 36 32 23 1 
40 36 32 20 2 
40 36 32 13 5 
40 36 32 11 7 
40 36 31 17 4 
40 36 31 16 5 
40 36 30 22 2 
40 36 30 21 3 
40 36 30 13 9 
40 36 30 12 12 
40 36 29 26 1 
40 36 28 24 2 
40 36 28 15 6 
40 36 28 13 10 
40 36 25 16 8 
40 36 24 16 9 
40 36 23 17 10 
40 36 22 20 7 
40 36 22 19 9 
40 36 22 17 11 
40 35 35 20 2 
40 35 35 18 3 
40 35 35 14 6 
40 35 35 11 7 
40 35 33 16 4 
40 35 32 24 1 
40 35 32 12 7 
40 35 31 26 1 
40 35 31 12 8 
40 35 31 11 9 
40 35 30 19 5 
40 35 29 18 6 
40 35 29 15 9 
40 35 29 14 10 
40 35 29 13 11 
40 35 28 24 3 
40 35 27 20 5 
40 35 23 20 7 
40 35 23 18 9 
40 35 22 22 7 
40 35 22 20 9 
40 35 22 18 10 
40 34 34 26 1 
40 34 34 12 7 
40 34 32 12 8 
40 34 32 11 11 
40 34 31 27 1 
40 34 31 22 2 
40 34 31 21 3 
40 34 31 14 8 
40 34 31 12 9 
40 34 30 28 1 
40 34 30 24 3 
40 34 30 15 6 
40 34 30 13 10 
40 34 28 28 3 
40 34 28 15 15 
40 34 27 22 6 
40 34 27 17 8 
40 34 27 16 9 
40 34 25 18 7 
40 34 24 19 7 
40 34 24 18 12 
40 34 23 23 7 
40 34 22 20 12 
40 34 22 18 13 
40 33 33 27 1 
40 33 33 24 3 
40 33 31 28 1 
40 33 30 30 1 
40 33 30 25 3 
40 33 29 22 6 
40 33 29 16 8 
40 33 27 27 6 
40 33 27 18 8 
40 33 26 22 7 
40 32 32 25 3 
40 32 32 22 6 
40 32 30 26 3 
40 32 30 16 8 
40 32 29 29 3 
40 32 29 23 6 
40 32 29 17 8 
40 32 28 16 9 
40 32 27 19 9 
40 32 26 23 7 
40 32 25 19 14 
40 32 25 18 18 
40 32 24 20 11 
40 32 23 23 14 
40 32 23 19 15 
40 32 22 22 22 
40 31 31 23 6 
40 31 29 24 6 
40 31 29 21 7 
40 31 28 28 6 
40 31 28 22 7 
40 31 27 22 8 
40 31 26 16 14 
40 30 27 19 11 
40 30 27 17 17 
40 30 26 18 12 
40 30 25 20 12 
40 30 24 21 12 
40 30 24 20 14 
40 30 23 20 16 
40 29 29 19 14 
40 29 29 18 18 
40 29 26 22 11 
40 29 25 20 16 
40 29 25 19 19 
40 29 24 21 14 
40 29 23 23 16 
40 29 23 20 17 
39 39 39 23 1 
39 39 39 22 2 
39 39 39 21 3 
39 39 39 19 5 
39 39 39 15 15 
39 39 32 24 1 
39 39 31 23 2 
39 39 30 22 3 
39 39 30 16 6 
39 39 29 25 1 
39 39 29 18 6 
39 39 28 24 2 
39 39 27 20 5 
39 39 27 19 6 
39 39 27 17 9 
39 39 24 18 7 
39 39 24 17 10 
39 39 24 16 16 
39 39 23 23 9 
39 37 33 24 1 
39 37 31 26 1 
39 37 29 29 1 
39 37 22 17 11 
39 36 34 24 1 
39 36 33 25 1 
39 36 32 26 1 
39 36 32 23 2 
39 36 30 27 1 
39 36 30 25 2 
39 36 28 28 2 
39 36 28 17 7 
39 36 24 18 9 
39 36 23 17 11 
39 36 22 18 11 
39 36 22 17 12 
39 35 35 26 1 
39 35 33 23 2 
39 35 32 24 2 
39 35 31 28 1 
39 35 31 25 2 
39 35 31 22 3 
39 35 31 16 6 
39 35 30 30 1 
39 35 29 26 2 
39 35 29 24 3 
39 35 29 20 4 
39 35 29 16 7 
39 35 28 20 5 
39 35 27 22 5 
39 35 25 19 7 
39 35 25 16 10 
39 35 23 18 10 
39 35 23 17 12 
39 35 22 19 10 
39 35 22 17 13 
39 34 34 27 1 
39 34 34 25 2 
39 34 32 28 1 
39 34 32 22 3 
39 34 31 29 1 
39 34 31 23 3 
39 34 30 27 2 
39 34 29 29 2 
39 34 29 21 4 
39 34 29 20 5 
39 34 28 21 5 
39 34 28 19 6 
39 34 28 16 8 
39 34 27 19 7 
39 34 26 16 11 
39 34 25 20 7 
39 34 25 17 11 
39 34 24 19 9 
39 34 22 22 10 
39 33 33 33 1 
39 33 33 26 2 
39 33 33 19 6 
39 33 33 16 8 
39 33 31 27 2 
39 33 30 28 2 
39 33 30 21 4 
39 33 29 26 3 
39 33 29 23 4 
39 33 29 17 7 
39 33 29 16 9 
39 33 28 19 9 
39 33 27 18 12 
39 33 24 24 12 
39 33 24 18 13 
39 33 22 19 15 
39 33 22 18 18 
39 32 32 32 2 
39 32 32 20 7 
39 32 32 19 8 
39 32 29 25 4 
39 32 29 18 9 
39 32 29 16 10 
39 32 28 21 9 
39 32 28 17 10 
39 32 26 16 13 
39 31 31 31 6 
39 31 31 18 18 
39 31 28 23 9 
39 31 27 24 7 
39 31 27 21 12 
39 31 26 26 9 
39 31 26 19 15 
39 31 25 22 12 
39 31 25 21 15 
39 31 25 19 19 
39 31 24 24 15 
39 31 24 21 16 
39 31 23 23 16 
39 31 23 21 17 
39 31 23 20 20 
39 30 30 21 12 
39 30 27 19 13 
39 30 26 20 13 
39 29 29 19 15 
39 29 27 21 14 
39 29 26 23 12 
39 29 26 19 16 
39 29 25 22 14 
39 29 25 21 16 
39 29 24 24 16 
39 29 24 21 17 
39 29 24 20 18 
39 29 23 23 17 
39 29 23 21 18 
38 38 38 38 1 
38 38 38 16 8 
38 38 32 23 2 
38 38 31 22 3 
38 38 30 25 2 
38 38 30 18 7 
38 38 29 24 3 
38 38 29 20 4 
38 38 28 28 2 
38 38 28 23 4 
38 38 27 27 4 
38 38 27 22 6 
38 38 27 16 10 
38 38 26 20 10 
38 38 26 16 16 
38 38 25 25 10 
38 38 25 17 11 
38 38 23 17 12 
38 38 22 20 12 
38 38 22 17 17 
38 36 30 23 3 
38 36 28 20 6 
38 36 28 19 7 
38 36 28 16 9 
38 36 23 18 11 
38 35 31 20 4 
38 35 31 18 7 
38 35 30 22 5 
38 35 29 19 6 
38 35 29 16 11 
38 35 28 25 3 
38 35 28 17 8 
38 35 27 24 5 
38 35 27 20 7 
38 35 27 19 11 
38 35 25 25 11 
38 35 25 18 12 
38 35 24 19 12 
38 35 22 22 12 
38 35 22 19 13 
38 34 34 22 5 
38 34 34 18 6 
38 34 32 18 7 
38 34 31 16 9 
38 34 30 25 3 
38 34 30 19 7 
38 34 30 18 9 
38 34 29 25 4 
38 34 29 22 6 
38 34 29 21 9 
38 34 28 28 4 
38 34 28 23 5 
38 34 28 17 10 
38 34 27 27 6 
38 34 27 16 13 
38 34 26 22 9 
38 34 24 18 13 
38 34 24 17 14 
38 34 23 20 12 
38 34 23 18 14 
38 34 23 17 17 
38 34 22 18 15 
38 33 33 25 3 
38 33 33 22 6 
38 33 33 21 9 
38 33 30 26 3 
38 33 30 23 4 
38 33 30 16 11 
38 33 29 27 3 
38 33 29 24 5 
38 33 29 17 11 
38 33 29 16 13 
38 33 28 24 7 
38 33 28 18 11 
38 33 28 17 13 
38 33 27 27 7 
38 33 27 22 9 
38 33 27 21 10 
38 33 27 18 13 
38 33 27 16 16 
38 33 26 20 11 
38 33 25 19 12 
38 33 25 18 14 
38 33 25 17 17 
38 33 24 19 14 
38 33 24 18 18 
38 33 23 20 14 
38 33 22 22 14 
38 33 22 20 15 
38 32 32 26 3 
38 32 32 25 4 
38 32 32 24 5 
38 32 32 16 13 
38 32 30 27 3 
38 32 30 17 10 
38 32 29 26 4 
38 32 29 25 5 
38 32 29 22 7 
38 32 29 19 10 
38 32 28 26 5 
38 32 28 19 11 
38 32 27 23 9 
38 32 27 22 11 
38 32 27 20 12 
38 32 26 17 14 
38 32 25 20 14 
38 32 24 24 14 
38 32 24 19 15 
38 32 23 20 16 
38 31 31 31 7 
38 31 31 20 13 
38 31 29 23 9 
38 31 28 24 8 
38 31 28 21 11 
38 31 27 25 8 
38 31 27 24 9 
38 31 27 23 11 
38 31 27 21 13 
38 31 27 19 15 
38 31 26 26 11 
38 31 25 22 13 
38 30 30 30 13 
38 30 30 22 14 
38 30 30 19 15 
38 30 27 23 14 
38 30 27 21 16 
38 30 27 19 19 
38 30 26 24 14 
38 30 26 23 15 
38 30 26 22 16 
38 30 26 20 17 
38 30 25 25 16 
38 30 25 21 18 
38 30 25 20 20 
38 30 24 24 17 
38 30 24 22 18 
38 30 24 21 19 
38 30 23 23 23 
38 29 29 23 14 
38 29 29 21 16 
38 29 29 19 19 
37 37 37 37 8 
37 37 37 21 9 
37 37 37 16 10 
37 37 30 22 9 
37 37 30 18 11 
37 37 27 23 9 
37 37 27 20 10 
37 37 27 19 11 
37 37 27 16 12 
37 37 26 26 11 
37 37 26 18 12 
37 37 24 19 12 
37 37 23 18 13 
37 37 22 22 13 
37 37 22 18 14 
37 35 31 22 9 
37 35 31 18 11 
37 35 29 24 9 
37 35 29 22 10 
37 35 29 20 11 
37 35 29 16 13 
37 35 27 27 9 
37 35 27 19 13 
37 35 27 17 17 
37 35 25 25 13 
37 35 25 20 14 
37 35 25 18 15 
37 35 23 23 23 
37 34 32 22 9 
37 34 32 18 11 
37 34 31 23 9 
37 34 31 20 10 
37 34 31 16 12 
37 34 30 24 9 
37 34 30 19 11 
37 34 30 18 12 
37 34 30 16 13 
37 34 29 21 12 
37 34 29 17 13 
37 34 29 16 14 
37 34 28 25 9 
37 34 28 18 18 
37 34 27 24 10 
37 34 27 23 11 
37 34 26 22 12 
37 34 25 20 15 
37 34 24 21 14 
37 34 24 20 16 
37 34 24 19 19 
37 33 33 24 9 
37 33 33 21 12 
37 33 33 18 18 
37 33 30 22 10 
37 33 29 26 9 
37 33 29 24 10 
37 33 29 23 11 
37 33 29 19 13 
37 33 28 28 9 
37 33 28 24 11 
37 33 28 20 13 
37 33 27 27 11 
37 33 27 23 12 
37 33 27 22 14 
37 33 27 20 15 
37 33 26 26 14 
37 33 25 20 16 
37 33 25 19 19 
37 33 24 24 15 
37 33 24 22 16 
37 33 24 20 17 
37 32 32 25 9 
37 32 32 24 10 
37 32 32 23 11 
37 32 30 26 9 
37 32 30 19 13 
37 32 29 27 9 
37 32 29 25 10 
37 32 29 24 11 
37 32 29 20 13 
37 32 29 19 14 
37 32 28 26 10 
37 32 28 22 13 
37 32 28 20 14 
37 32 28 19 15 
37 32 27 24 12 
37 32 26 21 17 
37 32 26 20 20 
37 32 25 22 15 
37 32 24 24 17 
37 32 24 21 18 
37 31 31 31 9 
37 31 31 25 10 
37 31 31 24 11 
37 31 31 22 14 
37 31 31 19 19 
37 31 29 26 10 
37 31 29 25 11 
37 31 29 23 12 
37 31 28 28 11 
37 31 28 24 13 
37 31 28 22 15 
37 31 27 25 12 
37 31 27 23 14 
37 31 27 20 17 
37 31 26 23 15 
37 31 26 22 17 
37 31 25 25 17 
37 31 25 22 18 
37 31 25 21 19 
37 31 24 24 18 
37 31 24 22 19 
37 31 24 21 21 
37 30 30 30 14 
37 30 30 23 15 
37 30 30 20 16 
37 30 28 24 15 
37 30 28 22 17 
37 30 28 20 20 
37 30 27 25 15 
37 30 27 24 16 
37 30 27 23 17 
37 30 27 21 18 
37 30 26 26 17 
37 30 26 22 19 
37 30 26 21 21 
37 30 25 25 18 
37 30 25 23 19 
37 30 25 22 20 
37 30 24 24 24 
37 29 29 29 29 
36 36 36 36 36 
